31
23
3
6
10
10
14
17
17
24
27
31
33
41
42
45
53
56
65
66
75
77
95
95
96
6
4
32
42
49
93
65
17
9
13
24
28
37
39
51
54
62
67
70
74
81
85
91
93
93
22
86
1
1
1
2
2
2
7
9
10
11
11
11
14
16
18
18
23
23
28
29
30
31
32
33
34
38
39
39
40
41
43
45
46
48
48
52
52
52
54
54
55
57
58
58
58
61
63
63
64
67
67
68
68
68
68
70
71
73
74
74
74
75
75
76
78
80
82
83
83
86
87
89
90
90
91
92
92
93
93
93
93
94
97
98
99
100
45
43
4
7
8
11
12
16
17
23
34
35
39
42
49
49
49
49
52
53
54
55
59
59
60
63
64
66
66
67
68
71
75
75
75
78
80
82
83
91
91
93
93
94
94
51
9
11
27
56
62
68
69
77
85
93
85
3
9
52
95
72
49
1
4
5
8
14
14
15
18
19
22
24
25
25
30
31
35
35
42
43
43
43
46
53
53
54
54
55
58
59
61
62
66
67
72
74
78
80
81
84
84
84
84
85
87
91
92
93
99
99
23
20
12
16
36
44
45
46
52
58
63
68
71
80
80
81
86
92
92
93
96
98
11
45
2
3
3
5
6
10
13
15
16
17
18
18
20
20
26
31
32
38
43
47
49
50
51
52
53
54
57
58
60
63
64
69
69
75
76
77
77
78
84
84
85
86
90
93
100
29
51
3
7
7
9
10
12
13
13
15
15
18
23
24
35
35
35
42
43
45
45
45
46
46
46
49
51
51
51
53
57
57
61
63
65
65
68
68
69
74
74
76
78
78
79
82
91
93
95
95
97
98
44
71
1
2
4
10
11
13
13
14
15
15
16
17
20
21
21
22
24
26
26
33
33
33
34
36
36
36
37
37
38
38
40
40
40
42
43
44
45
46
47
47
48
49
52
52
56
57
58
59
60
61
63
64
64
66
68
69
70
71
74
75
76
80
82
82
89
90
93
97
97
99
100
62
29
3
11
18
19
23
28
29
29
32
34
35
36
37
38
38
41
50
52
65
66
67
67
68
78
87
90
92
97
99
78
8
17
31
42
49
52
80
84
98
18
11
16
20
20
29
30
46
71
71
72
79
100
20
62
1
3
3
5
7
7
9
11
14
14
15
17
18
19
20
20
20
23
25
27
28
34
36
36
42
45
45
46
48
49
49
51
52
56
57
61
63
63
66
69
72
73
73
73
74
75
78
80
80
81
82
82
87
88
90
90
90
91
96
97
98
100
93
55
1
1
3
7
7
10
11
13
13
14
16
17
22
23
24
25
25
27
27
29
30
30
30
31
32
32
34
41
42
42
43
45
45
53
54
55
56
58
60
67
67
69
72
73
75
76
76
80
81
86
88
92
92
99
99
32
33
3
4
4
10
10
11
14
16
18
26
33
34
37
41
42
44
56
58
60
64
65
71
73
73
74
74
75
79
83
84
87
88
98
98
54
2
4
6
8
8
8
10
11
12
17
19
19
21
35
35
36
38
39
40
40
42
43
43
44
44
47
51
55
55
59
59
61
62
65
66
67
68
68
71
75
80
80
81
83
83
83
86
88
94
95
97
97
99
100
81
18
12
19
23
31
45
52
61
63
74
75
76
79
85
88
89
91
92
92
1
7
24
33
49
69
70
91
99
82
65
3
3
5
8
9
10
10
12
15
16
18
19
20
21
23
24
25
26
29
29
31
31
34
35
35
35
37
39
40
43
44
45
47
51
51
52
54
54
55
57
57
57
58
59
60
60
61
62
67
67
69
70
71
71
73
73
75
76
80
81
85
93
94
97
99
96
85
1
2
2
4
4
4
6
7
7
7
10
13
14
17
19
21
24
24
25
25
26
28
28
28
34
34
38
38
38
40
43
45
45
46
46
47
47
48
48
49
49
50
52
53
54
57
58
62
63
63
64
64
66
66
66
67
68
71
71
71
73
77
77
78
80
82
82
82
83
83
85
86
89
92
93
95
96
96
96
97
97
98
99
100
100
97
42
1
7
13
13
15
15
17
18
29
29
37
39
43
48
48
50
53
53
57
58
58
59
60
60
63
67
70
71
72
75
80
84
84
91
93
93
93
95
95
97
99
100
24
53
6
6
8
10
10
11
11
12
15
15
16
17
17
18
29
30
31
33
38
39
41
43
46
52
55
55
56
56
57
57
58
61
62
64
67
67
71
74
74
74
74
75
80
80
82
84
86
91
92
95
98
98
99
35
29
1
2
5
15
17
19
20
21
26
29
32
40
47
49
56
57
58
59
62
64
68
73
78
83
83
83
86
88
89
22
82
1
2
4
4
6
8
9
12
13
13
13
13
14
15
16
17
17
19
19
19
21
24
26
26
26
28
28
28
29
30
32
35
36
37
37
40
40
41
41
42
43
44
48
49
49
50
50
51
52
54
55
57
58
59
61
62
62
64
65
66
66
67
69
71
72
75
75
77
77
78
82
82
83
84
85
88
90
90
91
97
98
100
17
69
1
2
2
2
4
4
5
6
8
10
12
12
14
14
15
16
16
17
17
20
22
22
24
25
27
29
31
32
33
37
39
40
42
43
46
47
52
56
56
56
57
59
61
64
66
66
67
68
68
72
75
76
77
78
83
84
85
86
87
87
89
90
93
95
95
96
97
100
100
55
43
1
1
4
4
7
11
13
14
15
19
20
21
21
24
26
28
28
30
31
32
33
36
40
41
41
44
45
47
54
55
60
62
65
68
69
72
74
75
78
85
90
96
99
92
38
6
9
10
14
15
16
24
26
27
30
31
32
33
36
38
44
45
46
47
47
58
59
60
61
62
65
68
68
75
80
84
85
89
90
95
95
98
99
90
18
12
16
35
37
42
43
46
61
63
66
68
71
71
72
79
79
97
97
30
