97 58
105 0
103 0
106 1
106 1
103 0
103 1
105 1
106 1
105 0
104 0
103 0
102 0
104 0
105 0
104 0
102 1
104 0
106 1
104 1
101 1
105 0
103 0
104 0
106 0
102 1
103 0
102 0
103 1
106 0
104 1
101 1
101 1
106 0
103 1
103 0
104 1
101 0
105 1
105 0
104 1
105 0
106 0
104 0
105 0
101 1
106 1
105 0
103 0
104 1
101 1
106 1
104 0
106 1
105 0
103 1
101 0
103 0
101 0
105 1
104 1
104 1
105 1
105 1
103 0
101 0
104 1
106 1
105 1
105 0
106 1
104 1
105 1
103 1
102 1
106 0
101 0
105 1
104 1
103 1
106 1
101 0
106 1
103 0
106 1
102 1
103 0
101 1
102 1
101 1
104 0
106 0
102 0
104 0
105 0
105 0
102 1
103 1